3.847023724564443969e-02
4.586181428539317650e-01
6.485165598729064618e-01
1.269728480925590708e-01
1.515582113951036321e-02
3.052272107209508169e-03
4.909347258829420042e-15
5.881722691107262868e-01
1.437158667045890514e-01
2.221437300205113090e-03
4.825235030461051851e-03
1.530221444505160677e-01
4.410434356262017360e-04
2.507951578743058407e-01
6.871210149707379060e-06
5.985652172788914066e-02
1.561910766185527766e-01
6.519506697087363856e-01
2.461539570642029273e-01
3.054997756098322415e-02
1.039273186291724861e-02
4.176900749592815654e-02
6.210880032495412761e-01
5.630850877019297762e-01
9.785563364494054284e-02
1.862427798954129632e-01
9.089878452428763311e-04
2.953370124563926141e-02
2.773450770660661549e-02
1.667504026130310346e-01
2.350720229298267766e-02
2.060245444910444590e-01
5.140496735528738564e-02
1.509710413653080896e-01
7.692797356350335181e-02
3.506078998286223380e-01
5.036792528327341256e-02
9.633268147294772321e-01
3.854230655163829455e-01
9.807505629589975682e-02
1.784282111595655307e-01
9.371051879102081372e-01
2.315012776054720944e-01
1.135661930608830444e-01
1.191976861888025748e-06
5.941055646764458603e-02
4.426530144107576059e-01
7.138186779963866246e-02
6.138028084876717000e-02
6.344876439933636592e-01
8.145975723731951890e-01
5.227970612519974303e-01
6.070236453599939797e-01
9.139567220113276047e-01
7.768343758969700197e-01
9.938622845733317002e-01
5.969980577429053747e-01
5.604222511841698839e-01
8.856354197998230759e-01
9.127348867817548506e-01
9.616746502781312600e-01
8.744716876055911303e-01
3.452494415354945834e-01
9.902068678996915896e-01
9.349750830406549085e-01
9.729050662057869836e-01
9.460575050311040846e-01
7.606314139881407144e-01
8.000558167860750691e-01
9.410787813010044189e-01
9.953075884702342613e-01
6.920281683081485058e-01
9.081418265093968989e-01
8.714818190728793601e-01
9.475942470223712721e-01
9.375424731197008477e-01
9.908185412779371148e-01
9.263747636071610891e-01
9.895570191815978855e-01
6.040183144683944905e-01
3.051399884504762405e-01
9.946710424822887697e-01
9.009613362722925789e-01
9.867441368237225285e-01
9.012301276875317457e-01
9.656321404095663530e-01
9.693302021129858170e-01
9.135680378546326974e-01
9.356113024874174178e-01
8.652346337417960997e-01
5.955460078088162801e-01
8.233140875810889270e-01
7.916148187307059381e-01
8.243916471427352732e-01
9.214254091554980874e-01
9.422209250135736847e-01
9.649026350028629961e-01
9.255632972428577965e-01
9.461846561210356388e-01
8.293872866124598620e-01
