1.345261018606089482e-03
2.809525852807138735e-01
3.191758482044670248e-02
2.334369858953828578e-02
7.163057820946614959e-03
1.008327040021761711e-01
2.218959904519074780e-02
1.790954556504386610e-03
2.410848377803966741e-02
5.553494668204148749e-02
1.070115241975561071e-03
1.035103648725131525e-01
1.586099342664351944e-02
8.475854782878574148e-03
3.900595463550832458e-04
5.536190810645975624e-01
2.309648971230011671e-01
1.434390480918481647e-04
3.232767431413099968e-02
2.743299401438960977e-02
4.316281919368780695e-02
7.125340333806922180e-04
4.442498786903547117e-03
1.166470527369567640e-02
1.968294486068178362e-01
2.117654527942106901e-01
3.084605086318465417e-01
4.996352672026279085e-01
8.838479857912981408e-02
1.806159738101939180e-02
5.817443891608543166e-02
9.322244481141700456e-01
9.088465402390847325e-01
1.184552661931458362e-01
2.211412083149063082e-02
1.863738778993900402e-03
9.106357404182589127e-03
5.948833111052874954e-03
7.974686856481926975e-03
1.828373357752431372e-01
2.899327587866283931e-02
1.527045938783271701e-03
8.218927310945664533e-02
5.864564338809932081e-02
3.938580547510007503e-03
2.705464203533888279e-01
1.777602042774640290e-01
1.380299997171562099e-02
2.354079522815672723e-04
1.829586177426338611e-02
9.849039847561155137e-01
9.892535599316478745e-01
9.967745810240553617e-01
5.915429727123030501e-01
7.369979919947998726e-01
4.911358668634465685e-01
6.550490414512127879e-02
5.648508785963793910e-01
9.937047096725366568e-01
9.990880164674728059e-01
7.680310066132602920e-01
9.985995496920915260e-01
9.458781673637169929e-01
8.735717244294600725e-01
2.200671162999908448e-01
9.946606101594505089e-01
9.215890447583146017e-01
9.977110308239248715e-01
9.945679489669071449e-01
4.131849858129565956e-01
9.898966098267091285e-01
9.967219161214702083e-01
9.998249371625789195e-01
9.881765113239272535e-01
7.612642316321786007e-01
7.598659282980508856e-01
9.959116403489887137e-01
9.904456888639011636e-01
9.608702972441265366e-01
9.297029113399565281e-01
2.295480358749373839e-01
9.664733397141835880e-01
6.908506232179330020e-01
8.981950981439291715e-01
9.992210500280838126e-01
9.942491947615279546e-01
9.442409806595566391e-01
9.945723991740106351e-01
9.905588901508273203e-01
7.281471308049165536e-01
9.398187477668865641e-01
9.429751568374850068e-01
4.354567969794383431e-01
9.994614705987161507e-01
9.435173125299967101e-01
8.902726175446850077e-01
9.869587545513984761e-01
9.954498464177438111e-01
9.996325110530533964e-01
9.369800885471957219e-01
