5.814773546573352020e-02
7.565006878099505422e-03
6.940038201778635403e-03
1.191586077465894671e-02
1.195899347444289926e-02
2.672793998239250679e-02
1.389078311472878580e-02
7.292062265769032195e-04
2.281304872706218026e-02
4.364658413938109910e-03
8.889681406448539727e-03
9.491111597561930485e-03
1.177478463743486178e-02
1.233133825332423730e-02
3.736208653138951320e-03
8.495805424306182574e-02
3.205212518096823941e-03
7.112305679997220180e-03
1.812703317613621745e-02
2.303090580248478864e-03
2.471335773124754172e-03
2.503436718157747709e-02
1.393840755113997035e-02
1.839294641106537648e-02
1.210979213217748410e-03
1.540661500683063829e-03
5.660211504609387323e-03
4.424571424726683744e-02
3.117041009203852606e-03
1.014375897204226051e-01
1.509796249880956953e-02
2.965880872737071145e-03
1.239166187663072677e-03
3.636606478534889792e-03
3.731682434484798194e-02
1.234753269190926213e-02
3.634090785674304325e-02
4.831977201800446986e-02
4.295515900936083299e-03
4.543472091525285403e-03
1.233014190243824325e-02
5.040615484638359851e-03
1.970133449603677419e-03
1.888067124765211227e-02
1.200988316884654336e-02
1.927900208105297331e-02
3.084108505830231335e-03
1.047528066569333857e-03
8.440074115511932151e-03
2.025290612083938679e-01
1.078827275254299473e-02
2.131916586798117408e-02
5.020449167638693470e-03
2.176370006609039051e-02
1.183177587858649273e-02
1.386241694933801338e-03
1.284657038385755845e-02
9.627510393049128548e-03
1.794229039463490424e-02
1.012424565455706006e-02
5.085581322705446175e-03
3.713211759757847029e-03
1.100956964397112603e-01
2.218501918494988623e-01
1.310375468767566443e-01
1.067255144033225495e-01
1.010249872942068916e-01
1.287700019436188448e-01
1.227229520437253529e-01
2.552246781699275546e-01
3.850392001959869748e-01
2.059237099859945741e-01
1.994648165247024374e-01
1.551511569830730519e-01
2.129186643267120815e-01
9.937293286063231257e-02
1.530721739071553844e-01
1.260138168012978344e-01
1.660286297049708149e-01
6.793878519289918427e-02
1.558186592062600351e-01
3.934838429089561052e-01
2.085013846744249166e-01
1.726930124742488137e-01
1.043624208278638027e-01
9.382866963634729773e-02
1.165291093432812286e-01
1.854612616974576356e-01
2.777956623400618108e-01
1.661340922568429745e-01
1.083225528329038873e-01
1.590798949168656107e-01
1.253199232696693421e-01
1.709773094553640460e-01
1.370583927191089679e-01
2.408634969394543857e-01
1.992383237019327846e-01
1.059163883065978029e-01
1.896590781981273566e-01
2.314301598935987747e-01
2.947510147466605446e-01
1.600532111015954828e-01
1.439182018716224365e-01
2.281081668330819934e-01
7.446672337166693190e-02
1.452053887472350147e-01
1.537639312097870414e-01
2.029662435233871021e-01
1.209944671406627398e-01
9.218046026671974924e-02
2.246482689379145359e-01
8.455879619155969029e-02
1.892616805069720909e-01
9.607557566366603519e-02
7.507959708812894650e-02
2.145776684891635422e-01
2.674766155487482977e-01
1.221464150388642950e-01
2.150373832752665582e-01
1.570365410279605245e-01
1.387473665327881300e-01
1.393112943926048397e-01
1.133427001669794626e-01
1.860127675932602698e-01
