2.709100465608605957e-01
3.524533413320801029e-02
3.233360778917968720e-02
5.551594350871881522e-02
5.571689856936175300e-02
1.245253560970209505e-01
6.471709809912749856e-02
3.397368637181652062e-03
1.062858947703241158e-01
2.033492456192093067e-02
4.141698699773794373e-02
4.421904764158971629e-02
5.485867039914903848e-02
5.745165127426941909e-02
1.740697986045285431e-02
3.958192051050952731e-01
1.493307117741098609e-02
3.313620122074369123e-02
8.445376870525354851e-02
1.073008899369223487e-02
1.151394261534552550e-02
1.166350077859782813e-01
6.493898014117524542e-02
8.569265730992259300e-02
5.641946885969174007e-03
7.177935228974424361e-03
2.637090077500413993e-02
2.061405901853100298e-01
1.452228050107222217e-02
4.725972891992570868e-01
7.034134159767885253e-02
1.381802608290155776e-02
5.773269877281408252e-03
1.694293376229567827e-02
1.738589222743464613e-01
5.752710109318251441e-02
1.693121316020282929e-01
2.251216076148293832e-01
2.001278989465168912e-02
2.116801670786369952e-02
5.744607748069634895e-02
2.348420561353578226e-02
9.178843170561092057e-03
8.796496520171426248e-02
5.595399343419073246e-02
8.982078682157504379e-02
1.436884811112866187e-02
4.880428704834801658e-03
3.932226858529834501e-02
9.435820150593242639e-01
5.026251581929627732e-02
9.932590102906137253e-02
2.339025083036868832e-02
1.013969839240888432e-01
5.512419234373187177e-02
6.458494025797999541e-03
5.985211552888667491e-02
4.485452903635629013e-02
8.359305288996961292e-02
4.716881645865560885e-02
2.369370125746470684e-02
1.729983743423917086e-02
5.129353707369918025e-01
1.033599078658899773e+00
6.105033608148489055e-01
4.972337072915652412e-01
4.706749762905609868e-01
5.999388788364025116e-01
5.717656996607253239e-01
1.189090665228772048e+00
1.793895958585039807e+00
9.593976689456139573e-01
9.293057124091218535e-01
7.228485653929753729e-01
9.919871307871950261e-01
4.629780618718642993e-01
7.131625922869719858e-01
5.870978242492199684e-01
7.735266634814276232e-01
3.165265046433815566e-01
7.259584553468090284e-01
1.833239512246015446e+00
9.714070441047365501e-01
8.045759938098365760e-01
4.862240646042337855e-01
4.371473636304539223e-01
5.429086134659104612e-01
8.640632113920000412e-01
1.294248782281480326e+00
7.740180130517810841e-01
5.046743023870067235e-01
7.411525383343872120e-01
5.838649773041737490e-01
7.965825409090853126e-01
6.385544554004435325e-01
1.122181984354876816e+00
9.282504833332039240e-01
4.934639923270593420e-01
8.836208202058557504e-01
1.078232108098336361e+00
1.373243695378901563e+00
7.456872142045937180e-01
6.705142763981364329e-01
1.062754956881849067e+00
3.469401402182107352e-01
6.765112744516587062e-01
7.163854865504156733e-01
9.456188455628989908e-01
5.637126960171976453e-01
4.294683633479583484e-01
1.046635307640684687e+00
3.939590635801345497e-01
8.817693460916575798e-01
4.476156890364795804e-01
3.497955161968762661e-01
9.997164239624940496e-01
1.246172388174166201e+00
5.690796162633243727e-01
1.001858233150940913e+00
7.316325614556692392e-01
6.464233770504282939e-01
6.490507144959242192e-01
5.280631469761180030e-01
8.666326749611965585e-01
