2.463278955306173768e+06
6.447072514426053967e+05
4.734366473580203601e+05
1.542424852378197247e+06
3.705316929880395997e+06
3.818230423670026939e+05
2.661555071122356504e+07
7.359738143417994492e+06
1.634481480074402411e+06
9.901677430751023348e+05
1.668826212831656449e+06
4.785410533771351911e+06
7.669985398290279321e+06
1.655705055233865976e+06
1.224963079674166860e+06
1.574043890195261920e+05
1.542530497192834970e+06
1.872366192922954448e+06
8.681545625367319444e+05
6.225433261080973316e+05
1.299164564967833832e+07
9.584637729290185962e+05
5.072600630428558215e+06
1.067845881807138212e+06
2.831523419313281192e+05
1.415750195527051808e+06
2.825166878022656892e+05
1.741924917185614258e+07
3.689388348742550705e+06
1.563016267823717184e+07
1.559649842514816904e+06
6.776306602895621210e+06
7.665512121515619801e+05
6.104398049540909007e+06
7.732187382288285298e+05
2.145847791234641336e+06
4.727789804844634607e+06
4.729439986218772829e+06
5.918083826233763248e+06
6.301714516087424709e+05
3.537326887338717468e+06
3.934721853822722915e+05
5.630171867220799904e+05
6.195123560193163576e+05
1.490749201880219858e+06
4.362523620377772022e+05
2.177631357271200046e+06
6.039158464464414865e+06
3.433085996988921426e+06
1.005507601761952974e+07
4.819335281784326769e+06
1.808092773122421233e+06
1.697067234182042768e+06
2.528605930495564244e+05
9.060967004175122827e+06
5.903365474906318123e+05
1.709384387828456820e+05
1.440813344978440553e+06
9.919995352791409940e+06
8.409585739164339611e+05
1.430828459990935214e+07
3.885585787042453885e+05
1.461659095059852116e+06
5.915664825166346272e+05
2.183559931948869198e+05
6.722485622064259835e+06
4.371872493320180476e+07
1.526068623256928520e+06
1.802859577270896698e+05
1.739167088238933356e+06
8.204235042043959256e+05
1.401203793977389298e+07
7.013840596290843096e+05
2.979984720865082927e+06
4.021859384028775967e+05
1.546255447932806797e+06
3.165350889876198955e+06
7.600742072031143121e+06
6.564484940829980187e+05
2.332600516451527365e+06
1.233909390956928954e+07
1.909535667319969088e+07
2.026576312429015292e+06
1.636730860775316833e+05
1.889733541924424935e+06
1.962591461732255295e+06
1.778916493941433146e+05
1.035535436217858340e+06
6.001092108891178854e+06
2.049657352641068574e+05
4.218962023580385372e+06
1.758329199825132964e+06
1.031712599045172101e+06
5.301687625345417764e+05
1.276383311287479941e+06
4.461549891148135066e+06
6.544947887308076024e+05
1.106498903834274737e+06
1.314086237012256170e+06
2.302175275319021940e+07
2.303900046081811190e+06
1.826475185795685742e+06
6.310156865328140557e+05
3.454999631028658245e+06
5.669118923662533052e+05
3.852189178585977759e+06
3.393877167220260482e+06
3.119990626238518395e+06
1.421568191245796159e+06
5.309711544875829713e+05
1.528773920167301258e+05
2.524141494095976464e+06
5.871042110878500156e+06
1.315369481879693223e+06
1.361991844505955931e+06
2.197189794741572347e+06
5.925891545615565032e+06
7.751656611081011943e+04
1.948448444729412906e+06
3.032686811619622167e+06
2.093709146334951278e+06
1.045628759430696140e+06
1.500632623891582713e+06
2.307483728614635183e+05
5.874100618495462695e+05
1.894365620118743682e+05
5.294002727985600941e+05
3.500759812835267745e+06
5.589711000221880153e+06
2.658053010975692887e+05
2.083082729348769935e+05
2.008523733612085052e+05
2.580523917644027621e+06
2.023892073073254141e+05
5.950005262292276166e+04
2.764519985101249069e+06
1.584309223338996526e+06
4.157747466921823565e+06
2.783959341097728815e+06
2.793694065654751845e+06
7.976235701045705937e+05
9.606375709128247108e+05
2.291804466404291801e+06
1.837914196237245109e+06
6.487464316345642321e+06
4.972107427320482209e+06
2.521855935649659950e+06
1.025800791518136277e+06
5.372098495082255453e+06
1.363010828814184107e+07
2.712327472189427353e+06
1.848326770638514427e+05
2.705370759231077507e+06
5.819043512106083333e+06
4.223620205481195822e+06
7.054298539594323374e+05
9.048643931654287502e+06
8.637663033723289846e+04
2.077718958617280587e+05
5.255679268221421167e+06
7.925935844817535253e+05
3.156355946570370579e+05
6.306833188332259888e+05
1.986991560879069380e+06
2.514166507916098926e+05
2.110331640252856072e+06
3.722078671496861498e+05
8.442610660261088051e+05
2.724562905620622332e+05
1.980501348050071683e+05
4.620520418104362907e+05
2.304703702850167174e+06
1.990476416319389129e+06
1.976249037860023975e+07
2.430774939958116505e+06
5.462871234410921112e+06
5.193285356651490438e+05
1.724182348483837396e+07
6.582787834201732650e+06
8.225881271462685429e+06
2.898520620824425947e+06
5.028814162935245549e+05
2.051921053909390466e+05
4.465183178109037690e+05
6.722484048869885737e+04
8.951165107449950650e+06
8.905260101564233191e+05
2.166470823873093352e+07
3.492566187799727544e+06
1.231054515488907229e+06
8.982495458216978237e+06
9.155406148561048321e+05
8.601033586206558393e+05
9.743678487626165152e+06
4.090735848508859053e+05
7.339855317739810562e+05
9.394385763765586540e+06
3.509730229825284914e+05
3.484237331048844382e+06
1.008240207806187100e+05
1.148424162041059462e+06
5.010895364338183776e+06
5.275267092883393634e+05
7.602133785567467101e+06
2.743407948214105563e+05
2.126125034488118254e+06
1.498768904140969389e+05
8.223060322056318633e+06
9.376908537193132564e+06
3.942597072774008266e+05
3.385429592333378736e+06
2.180465903151580715e+05
6.036329980668768287e+06
2.035085556077490037e+05
6.140255895451706601e+05
1.741014969673809037e+07
2.142162226956157538e+05
2.667850454011008143e+06
2.091821662188295741e+05
1.862219483274499327e+07
8.729534065245741978e+06
4.341820934016206302e+06
9.139700307333004894e+05
4.711805042066007853e+06
7.550844943105730927e+05
1.289447307572326995e+07
1.335270470570853911e+07
8.360140880729997298e+04
2.819247728060254012e+05
1.143216147106645629e+07
4.848504962568544433e+05
1.246224329869331047e+07
1.507909308996316977e+06
1.016365011800981592e+06
4.682665992529776995e+05
5.193672705605151132e+06
1.560083992096402450e+06
2.753945631833981723e+07
1.277923850262739509e+07
9.688525189796717837e+06
2.601925440152661176e+05
1.909582052986900089e+05
8.506420943098980933e+05
2.818977011944814026e+07
4.065654508453325834e+06
4.908136504252915038e+05
9.101409409337780671e+05
7.249807172928160289e+05
6.368427472161475569e+06
1.015305072932164650e+06
9.404057361177863553e+06
2.137549319418474566e+06
1.545174066412937269e+07
7.373129455475267023e+06
2.490408855146349524e+05
6.704603834275949048e+05
4.533768559208474122e+06
4.311382049224543385e+06
2.070200554580263793e+06
1.312871788917941786e+07
6.876717964624393731e+06
6.810043535055258544e+05
1.828519136338526150e+06
1.879432437195269158e+05
1.859242844269004418e+05
2.700502928278375184e+05
1.370470732724949252e+06
6.834061960150679806e+05
1.007250115904050064e+06
1.659388791596726980e+06
1.467486712313609570e+07
5.578478910916059278e+06
2.304760885549422354e+07
1.415627500669005886e+07
4.061292876906068996e+05
3.342085705705568194e+06
1.231742228096901253e+07
4.339588619265205227e+06
1.253620721957802773e+06
9.916971454007973662e+05
3.198778618696418125e+05
6.170548595909116790e+06
3.031250190606825054e+05
8.099269971890070476e+06
2.453247187034016009e+06
9.539696388522870839e+06
2.158887392643511412e+05
1.451229643114733743e+06
6.073120066778990440e+05
9.545315657499222085e+06
3.932979012386840186e+05
1.600005455208099633e+07
1.228899698238489218e+07
9.642523879737373500e+04
1.421713642186494253e+05
1.832105953147669323e+06
1.504619894329633564e+07
4.894894947048149072e+06
1.313869947834701510e+06
6.357878038437700830e+06
5.254542032117672497e+05
8.412101232735520462e+05
6.515767961765885411e+04
5.247919772390158614e+05
1.903290976083879068e+05
3.565781417664063047e+05
3.841932466297751758e+06
1.321313564672831073e+07
3.258670980458691716e+06
3.223268663334851735e+05
3.655238902768065454e+05
2.888670900887544081e+07
3.601547095009296900e+05
8.034517031310047023e+05
6.070607059938354651e+05
1.245676280353539810e+07
1.356172314451607235e+05
1.893817658480718965e+05
8.945457241806564853e+06
1.143262849861833965e+05
3.229907495906156488e+06
1.187709902256047353e+05
3.933185142594894860e+06
2.011907743935965991e+05
1.748030834722926083e+05
2.429141399761296809e+06
9.303202731185455923e+04
1.096027199637829093e+06
1.299222110634571407e+06
7.055595400947860617e+04
3.081772390472990228e+05
2.069753593384892214e+06
2.458981668057894334e+06
1.795265276088980725e+06
1.754939862080949126e+06
1.768705538510456448e+06
1.270651224636149593e+06
7.788250467514335178e+05
1.365036159307749709e+06
2.491667716217811685e+06
1.108695150002087234e+06
1.055696083422968368e+05
6.431052577861257829e+06
1.204340279511807021e+06
3.492073656985466368e+05
3.655413889980046079e+06
3.813348895688335760e+05
1.427563726693988545e+06
9.427091200237087905e+06
2.118051115393405315e+06
1.386478266362230526e+06
1.543992177180130966e+06
3.141542947816256783e+05
4.000483529591044644e+05
2.102905278576491401e+06
1.069686312247460737e+05
3.230368326129061170e+06
2.660954301564883790e+05
2.266723404491174733e+05
1.142666336078195833e+06
1.398155763555292739e+06
6.103680316846261732e+06
8.564673120143113658e+06
2.245611767131968518e+05
3.662056272375734989e+05
4.611033556566825137e+05
9.449242696439671563e+05
1.412491829811550910e+06
3.167594369409616920e+05
2.181161424358714721e+05
1.499795516467810841e+06
2.927244651637300849e+06
8.731275154696960817e+04
1.180486334433480864e+06
1.183363480215313844e+07
3.213547612218431314e+05
3.158081537724555237e+05
2.576224520021786448e+06
1.264930918904189486e+06
2.643587935669135768e+05
2.588813943637053308e+05
3.123718891008016653e+05
4.616846312966138939e+05
8.873914880119040608e+06
2.479387182128905784e+06
5.503352648222190328e+05
1.506811458457447402e+07
1.524936117677560542e+05
9.734645622259132797e+05
1.329569746831339225e+07
1.487344867812923912e+05
7.234150873028809438e+05
3.946527014404322254e+05
5.659021155137199908e+06
1.589163223812459910e+05
1.078415360259358073e+06
1.408080512845718535e+06
6.365548928569773212e+06
1.968241186134197924e+05
7.935873341065335553e+05
2.560233166910837870e+06
2.052289511294003110e+06
4.037333286487429868e+05
5.627549013908357592e+05
6.024247077855914831e+05
8.694960535126233008e+05
3.747211323569288943e+05
1.917692212060118909e+05
2.259686750500023831e+06
8.813588129509065766e+05
1.604771048005967168e+06
3.541513423952702899e+06
2.152113818070164707e+05
5.333615146222254261e+06
2.147909791691981256e+07
6.277919131484944373e+05
3.377943380678630201e+05
4.023057107889379840e+05
1.438113994242534973e+06
2.701185471078585251e+05
3.910810978404089692e+05
2.929864246325646061e+06
2.012626732404384296e+06
2.502276330918662134e+05
7.375875100075964583e+05
3.668524480530511122e+06
8.377399709086961811e+05
4.148222139593640342e+06
9.901239059167586965e+05
7.904382800347185694e+06
8.436926817670395598e+06
5.180877823700834066e+06
3.810668877669000998e+06
5.391848775177992648e+05
3.191074989206814207e+06
8.753330408579790965e+06
7.737677045117440633e+06
6.830921918084957870e+05
5.953169099978440441e+06
4.864795987854048610e+06
2.370264815826038830e+06
2.533556660810199683e+05
2.258180571137665771e+06
5.828864613215256482e+06
1.665273450292659923e+07
2.561417096828331240e+06
1.865702527351092547e+06
8.735793017164454795e+05
4.389055032449315186e+05
2.981575893195662647e+05
7.524314278107351623e+06
5.035881485322529334e+05
9.178059065268770792e+05
2.694700617422613781e+06
9.697468378163708840e+05
2.592492800842073280e+06
9.245588303336368874e+06
9.772568256412528455e+06
2.647195789194433601e+05
1.688228650847977551e+05
1.052408003223535046e+07
2.585437213087784592e+06
3.687271678093953058e+06
2.471887195368165150e+06
4.158097406377818901e+06
3.019573733698916156e+06
1.508270352435402572e+06
8.231791207854310051e+04
2.736325676499679685e+06
7.757956971270739101e+06
1.479217067026056466e+05
3.390632246529139113e+06
3.196536250626592431e+06
1.364552086077027721e+06
9.554277383331624791e+06
1.584491085193834081e+07
1.397380921586926794e+06
7.725413640411280096e+06
2.191345945532383397e+06
9.078227788527579978e+06
2.091014539359741029e+05
8.728186388901037863e+05
5.545198245893504936e+05
7.370394053999334574e+06
9.011502124706875766e+05
5.412578395447119139e+06
8.072705576685907727e+04
2.558470933495470672e+05
9.955645425946431933e+05
3.153305876990045072e+05
1.861174474474748364e+06
4.346074112114385515e+07
2.127244791145666037e+06
2.924104891993175261e+06
8.550513767505511642e+06
4.132252680800156086e+05
2.584208850713317515e+05
9.268603818878335878e+06
5.221060833814781159e+06
4.376913373218640336e+05
4.980139147477521328e+05
1.139609662932726322e+06
1.159123409343900625e+06
6.621734488098391739e+04
4.853985944514573552e+06
1.270434090880736476e+06
2.912589543248190894e+05
1.140044015642628446e+07
5.834875247850837186e+06
2.761986102444764692e+05
2.416745067566486541e+06
5.283016655910812551e+05
1.873585189606484724e+06
5.004380137564777397e+05
7.494656281400454463e+05
3.219373256113518029e+06
1.853577651034468412e+07
2.282133762659246859e+05
6.882160269743540557e+05
1.643115738085594494e+06
2.208151011929313093e+07
8.855578187568729045e+05
4.387314974994214252e+06
1.293041023040421074e+06
2.478483397489733063e+06
4.392989487906256691e+06
3.945395013812896330e+06
2.469930786485246848e+06
6.481086676114558242e+06
9.691436388325733424e+04
5.608262957373801619e+06
4.833932323310364736e+05
3.854596800898099784e+06
1.394472025044579932e+05
2.509838776080358657e+05
3.070545298797430005e+06
4.145539095164876431e+06
3.956378277174606919e+05
4.747174032040585298e+05
5.225044985641454346e+06
1.100533610234177439e+06
3.041999309856075561e+05
1.190138937036424177e+06
1.962063845382254338e+06
1.991801082039545581e+05
6.910896390816146508e+06
2.812418685236030724e+06
9.236234568695358932e+06
5.262847586295105284e+05
1.799392110919857863e+06
2.111190959059932735e+06
7.527933164330776781e+06
2.164885605390194338e+06
5.736146831531993812e+05
2.638315532190074446e+05
5.174037330201256089e+06
2.694603066151971580e+05
1.133514481432156637e+06
1.693929153857919388e+06
2.884855314244398847e+06
1.535765140069947345e+06
7.314335207183657913e+05
3.760170936440677615e+05
1.678784035840159282e+06
2.999737426351015456e+05
1.126127659563650377e+07
1.418933472971870215e+05
2.232991693187233526e+06
4.425295771609520889e+05
3.873789634418106289e+05
2.719532699503268232e+05
7.626584576772262517e+04
6.599733335821262153e+04
2.622709585739008337e+07
4.076225686576982844e+05
2.119725060196992010e+06
9.203388628367311321e+05
1.842054184667550027e+07
5.104931529460201855e+05
2.614722432872861624e+06
5.832202763736766065e+05
1.765072283295889618e+06
5.567730018324427074e+05
1.910024090470391093e+06
7.125927036740407348e+06
1.067066354139062762e+07
2.581004653263554792e+05
2.862008554064647178e+05
5.564336350669430569e+06
5.439236548923710361e+05
1.309031418814194389e+06
1.287134828998335078e+07
2.103048216711225105e+05
6.246072035027907696e+05
7.002772812402317300e+06
1.315843786628138460e+07
1.508793054375208914e+06
4.657313644574495964e+06
2.105621847019091714e+06
1.375383410531981790e+05
6.361357688999427482e+05
8.406984618681371212e+06
7.301248153248088202e+05
1.736670994736350374e+06
2.538515393909358536e+05
1.244452806948317157e+05
1.649868823926771001e+05
1.005706011673514917e+07
2.405889548307006480e+05
4.895696603754174896e+06
3.320547797440220020e+05
5.566667675847802311e+05
8.923754861067782622e+05
8.886547262527305633e+06
1.269702518426731601e+07
1.015561994663837552e+07
1.055874027527861326e+05
2.641363033751378534e+05
5.746202785620054230e+06
1.322174093751989305e+07
6.567982450337569462e+05
1.739795113298690121e+05
3.711436814456232823e+06
9.345327257264183136e+05
4.043418551820377819e+06
5.402253541311516427e+06
1.514952468280154513e+06
1.988672138542803470e+06
3.449252771462163073e+05
2.937195434462312260e+05
4.606490100484787836e+05
9.862545293565092608e+06
1.254730952653530613e+07
1.230349978204695799e+05
6.595347229394896887e+06
1.624172724841121119e+06
5.036795101829667576e+06
7.214790003000200726e+06
6.983464284095494077e+05
1.909629882814886281e+06
7.164272728104144335e+05
1.187816086992885539e+05
1.882812731023082451e+05
1.018741419064014102e+06
1.856782038236882072e+06
1.601170965461659245e+06
7.692192698208678048e+05
1.037769479412297346e+07
2.744346161660914309e+06
1.331593212732005166e+06
3.372199413592308993e+05
1.650707503617682669e+05
2.240302845079289982e+05
4.439037978497976437e+06
1.123431127761805692e+05
3.492217119147117715e+06
1.334810324340533698e+06
2.803658884551537922e+05
6.081893924943637103e+05
1.141779159201191505e+05
2.724906291555494070e+06
2.899568247344822623e+06
4.046975228977037477e+05
1.355219014486839878e+05
4.051008999556963332e+06
1.712238128942588111e+06
9.219601708671712549e+05
3.257288028035048046e+05
2.010980401036762400e+06
1.502783888116494985e+06
1.722456284801403992e+06
9.067153300858395174e+06
5.715922232202539453e+05
4.033868903681613505e+06
2.596913207838663366e+06
3.726593877356931334e+05
1.162339992732014507e+07
5.488914830705390777e+05
7.293988453875003383e+06
1.145722931082276255e+07
8.524536888272967190e+06
2.433442019233894534e+05
5.675040250687722117e+06
1.811095521872121468e+07
4.168371129144462757e+06
3.551485214805064606e+05
8.516079234604469966e+05
1.779764419261859963e+06
1.187219779653355014e+06
1.417608323771612020e+06
1.189587241638235049e+06
2.215984014661435783e+07
3.566768336621799390e+05
1.016207195594151039e+06
2.801573324478673283e+06
3.021349323120136978e+05
2.768050560040926561e+06
6.218326878571604611e+05
8.189715243484171515e+04
2.850222807215277571e+05
9.076009218988118693e+06
5.215378380267524160e+06
3.672400979368113331e+05
2.410638231685298495e+06
1.049085653843704145e+06
1.508057420446966309e+06
5.453563125383954030e+05
3.886825563318951987e+06
6.911335503799050348e+05
2.817963608329576091e+05
5.139654767586815171e+06
2.932708588183540269e+05
5.885458153352184221e+06
6.700744317285256460e+06
1.940370251564788399e+06
7.396150910608239938e+05
8.916667955054107588e+05
2.314929892185243778e+06
1.883711885016848100e+06
1.396153876492520608e+07
1.608521613032398978e+06
4.608544835609555012e+05
2.067469090767347370e+05
6.433787413161501754e+05
3.700366420731531922e+06
5.708760667488274164e+06
3.705200632969915401e+06
2.528954777436889708e+06
1.888163474629292032e+05
8.006003593481559074e+05
9.636093506076579215e+05
3.122691386804717593e+06
1.512713389321367256e+06
3.180256699301287881e+05
6.723150267752796412e+06
6.369302953239594586e+06
2.358220938483852893e+06
6.327404999527625740e+06
1.121605477436444344e+05
1.771611142005568836e+05
4.561284865320188925e+06
1.006419133292212524e+07
2.688727817202780861e+06
9.470397778794167563e+06
5.668608100536295678e+05
4.474788030949346721e+05
1.464211991423682682e+07
1.113839014434081502e+06
4.872556993686692789e+06
1.719554009322976926e+05
1.252846402144985477e+05
1.256393954841782834e+05
5.635086957710298011e+05
1.257089151873330958e+07
2.005645506118814519e+05
2.180465293867256551e+05
5.931098401967523620e+06
3.483355568369178101e+06
1.278617578984567896e+06
1.633042900004475378e+05
9.670724810459177243e+05
9.234791007022422273e+05
3.774547050479835365e+06
7.834273547713372391e+05
1.182865784104204271e+06
4.056107871357326861e+06
2.960046888279930572e+05
2.173355626227821631e+05
1.822468678970357578e+05
2.277040100978617370e+07
1.383313977756688138e+06
3.368082297201472800e+06
1.585498159239232540e+06
5.365144825780840591e+06
5.242355100426536053e+06
2.222675114794226363e+06
2.790774823271892034e+06
1.542171977053350396e+07
7.085164548392523080e+06
3.776571470907941461e+06
3.607458404817018658e+06
1.080904338743415475e+07
4.778907980027976446e+06
1.783292516105646500e+06
1.410697379676721059e+06
2.205791070754845440e+07
1.841617418875019299e+06
7.320393549772129394e+06
7.072210038600998232e+05
5.960277112236761022e+05
3.511574269931983436e+05
3.312850683099864516e+06
1.840107830000792397e+06
1.067658242536338075e+05
3.473389540766291320e+05
1.021114747073049471e+07
3.551115790618852479e+05
1.082850905303802108e+06
9.296464173978930339e+05
7.001378687311096583e+05
2.562774666451383382e+06
7.774157049262692221e+06
3.323058091554437298e+06
1.758940177698100451e+05
2.702899747325831559e+05
7.527998247720567510e+06
1.852145861344383564e+06
2.550366693097579293e+06
9.007068999119047076e+05
5.354666988944978453e+06
9.324446638394597918e+06
4.909486124314709567e+06
5.110121443060556194e+05
1.853652339145747246e+05
4.941386646074169315e+06
2.255245208560765022e+05
2.865910546034663916e+06
3.950838675274738576e+06
8.451865367412908236e+05
3.656858904370143544e+06
2.493582511674833484e+06
2.512103732396857347e+06
8.636576404104805260e+04
1.395926701403977349e+06
1.600966243692974560e+06
1.545135431984578317e+05
5.681792113403672120e+05
1.150355897727366304e+06
2.450413877043287735e+06
1.563665348425135948e+07
3.836521916825053631e+05
4.011813307747904677e+06
2.544000130995427317e+05
6.109569286034241319e+06
5.239799536066663451e+06
1.125795238391205110e+07
7.019275193961388431e+05
1.773837144820509246e+06
1.170770354381373338e+07
4.966104048027267563e+05
1.871107399563158303e+07
6.027524940901903901e+05
4.424868847518355586e+06
3.209047555611936375e+06
4.139157407960652839e+06
1.309161471350771753e+05
3.813665851032317150e+05
3.124887230148385861e+05
8.929592048571664840e+06
1.258215577107068710e+07
3.585380426547873649e+05
3.380971693584135501e+05
4.732415829133206978e+06
3.388985372779732104e+06
2.647554559351301286e+06
2.706286387204351369e+06
1.929567668271201896e+06
3.160949484735834412e+06
5.022531549244601629e+05
2.411724672416175250e+06
7.563128522515478544e+05
1.386447017444296274e+06
1.196394805694888579e+06
6.816215462710899010e+04
1.155265397589442786e+06
5.525605054991823854e+05
7.454550781638735905e+06
5.050659745944779716e+05
1.291040439884513908e+05
1.331301995002254099e+07
1.592918916898135096e+06
6.009359381552181207e+06
1.020343828038351983e+07
9.841437770849835360e+05
2.595600636173927051e+05
2.288411963208017871e+06
1.255566031776332110e+07
5.959716798499890137e+05
6.609356989941338077e+06
1.793442362466342747e+06
2.107748865856902674e+06
6.177195788542869268e+05
3.626834235249025282e+06
1.576326246200079564e+06
3.119033390519537497e+06
2.292723970259501366e+05
3.171046791300835554e+06
9.837816432474816684e+05
1.073214288330360549e+06
5.704315731590243522e+05
2.372797780115923379e+06
6.581801036835328676e+06
3.733816888419243507e+06
1.699623362924350658e+05
3.920210017387951724e+06
8.733886121013132855e+06
3.678778558964434196e+05
1.955562145711785415e+06
1.327816736151139485e+06
1.508494668541586772e+07
3.432574145039634779e+06
5.681673244224346243e+06
4.930212217088115402e+06
8.371989577333951602e+05
5.413609027902782895e+06
6.682279308475484140e+05
2.952674314348602784e+05
1.451105924615673907e+07
3.628322320935997181e+06
3.202111880748382770e+06
7.751925241586322663e+05
4.327358789638679475e+06
4.135774809400298633e+06
2.576210179862605408e+06
3.470362949212009553e+05
1.344724813069390599e+06
2.637329151931573288e+05
4.258146717354377732e+06
1.615627489345087111e+07
1.834393698615442496e+06
2.831240346933514811e+06
2.883674869575452176e+05
3.579907737224084325e+06
2.947970901731553022e+06
6.148237135332569480e+06
7.278150867206330877e+05
1.347621189267990878e+06
4.509135044522641227e+06
2.615851730632458813e+06
1.915116314720659284e+06
2.164402789948529680e+05
5.019404885148262256e+05
4.799205439689704799e+05
1.373382679441795335e+05
7.291960199502540054e+05
2.335940758486752457e+05
9.808108886698039714e+04
3.789587560501861153e+05
2.256579900391233154e+06
4.335746770679902402e+05
9.520996795738941291e+05
2.787360688198356424e+06
1.175760406918884953e+06
1.988060513772791892e+05
1.854990634350520326e+06
7.273210555577056482e+06
1.103329388853070326e+07
2.144418178329299204e+06
6.410248834158775862e+05
1.545250617622788996e+06
2.073582656720183440e+05
3.107568435275773518e+05
3.322343210601368919e+05
6.308096982221973594e+05
4.805793726915154606e+06
9.113410888998345472e+05
7.564669026161689311e+06
7.174866173075857572e+06
4.857274680378015153e+06
9.475819935328305000e+05
5.555603628924028948e+06
4.434910173258942668e+05
2.684195396171859466e+05
1.584361431358845439e+05
1.376732313567595370e+07
4.595689707894221880e+06
1.618407949643227039e+06
5.954279031597831286e+06
8.115683921636983287e+05
2.191699557555651700e+05
3.281030444708490279e+06
2.769283656823526835e+05
4.793066151173250750e+06
3.544433132901838049e+06
2.190860106457982038e+05
7.081046114306460135e+06
2.654490012839515228e+06
9.798375046768939123e+06
1.170401861845413968e+07
1.893636022346760845e+06
3.355009850612577866e+05
4.256797832704552566e+05
7.364211956162174232e+06
6.727021906942402013e+06
2.242839993577694055e+06
1.040667084460580605e+06
3.818908082681189757e+06
9.126725966446889564e+06
1.959921942635044456e+06
7.267966161660860293e+06
8.556789028749193996e+06
4.587063668951354921e+06
5.178795312977280119e+05
1.910112079337892681e+07
4.007365275943896850e+05
2.952020515655403491e+06
1.850349553233518498e+06
8.418944523439556360e+06
2.635338555076222401e+06
8.411598401085364167e+05
7.753884322943871841e+06
2.676430141387241427e+06
2.764181415501136798e+05
2.410999934974009544e+07
7.693573943268253468e+06
2.176050674301286053e+05
8.469786917011260521e+05
3.961356368531570188e+05
2.455409115843641758e+07
6.311536770564787730e+04
5.371121905014740303e+06
6.178729470565130468e+05
1.390523003037889022e+06
7.253292090651025064e+05
3.145635553996865451e+07
1.544061540760329226e+06
2.598355333609329828e+05
3.632685160902765929e+05
2.176736704898740281e+05
8.819630200395086780e+06
2.403554913682551414e+05
2.018105111359416507e+06
9.793691550373741193e+05
9.068722056188782153e+04
6.745155544670851901e+06
2.011855383204617247e+05
2.691591431347274687e+06
1.800242912129318342e+06
1.064785886417933274e+06
2.525190769379077537e+05
9.399980257422976196e+06
9.175272102423913777e+06
7.278104308801701991e+05
1.675601923716972349e+06
3.399908796821147203e+06
3.069066144554826431e+06
1.894396328042475274e+06
1.393647953874029778e+07
2.979853215944746975e+06
4.380802271051245742e+06
3.300005027267807163e+05
9.999315232353344327e+05
3.338082701735591982e+06
4.110467541075584479e+06
2.061671302020530857e+05
1.848786568058585282e+06
2.594188640216745436e+06
2.390039781929858436e+05
1.829823194284337340e+06
1.323265618376863655e+06
9.997975917050898075e+06
2.039584536064533284e+06
3.840876186463026330e+06
1.316951164628935512e+05
4.283920424148130114e+05
5.560212075750784948e+06
2.350299346414778265e+05
2.669525460011495161e+05
6.596202037023146404e+05
2.165333472010220285e+05
3.099620796744466294e+06
5.977352141342750750e+06
2.477209315576395486e+06
1.658307601226279221e+05
1.734773315917946864e+06
7.669153228995143436e+06
2.374102130105929973e+05
3.034412075486311316e+07
2.232756348420321941e+06
9.759808499023893848e+06
2.340370726478808094e+06
7.917590389665584080e+05
4.521334369377437979e+06
1.051688465608807746e+06
9.952204280740631744e+06
2.024847728050298290e+06
1.713523804827153217e+05
1.209844189814234711e+07
5.561797728919732384e+06
1.906989332266118145e+06
1.773880330041545967e+05
5.209724470408988185e+06
1.704685650054677681e+05
7.444319079852376133e+06
2.456776440465113847e+05
3.522055235342430882e+06
1.976827972001301823e+06
4.767852121873835102e+06
2.202503465489196591e+06
2.831334589031220600e+07
3.206536613664299715e+06
2.091758715447369497e+06
1.169373130601039389e+06
1.851130178295535734e+05
3.653330675959562883e+06
1.370601997779074882e+05
1.732788127598590509e+05
2.997208437018426135e+06
6.871301748963793740e+06
4.063595076119035948e+06
2.057674638548894436e+05
1.347433776265648194e+05
1.657281577057676855e+06
2.876353364750501933e+05
5.955036478018987691e+05
2.054464113180679269e+05
9.510230214857895626e+05
5.014219536836768384e+05
4.631951464092956856e+06
2.855078681934079155e+06
1.255917765281297266e+07
1.113260084363383241e+07
1.760303985225433717e+06
8.417337571375878761e+05
1.856017650658699125e+07
6.611383402342763729e+06
7.409077350541350432e+06
1.634884031714771176e+06
5.025741872465286404e+06
1.147722874365510605e+07
6.656481851687941235e+05
1.816187752147320658e+07
1.693364177664845064e+07
7.302429488099130103e+05
4.138989409165813122e+06
1.163241146743601887e+06
1.849563754799723858e+06
2.334822878495887853e+05
1.650110617061430821e+05
6.076920443990272179e+04
1.141890581783317262e+06
1.082837137585167587e+07
5.172822804237200180e+05
1.855510804771298310e+06
1.898902625009618700e+07
2.916287835297656246e+06
5.718029746242338791e+06
1.278067240376054309e+06
2.475912895376405213e+06
9.590190116205584258e+06
4.128660910453532357e+06
2.318679671998830745e+05
2.909576766426926479e+06
6.093187461513848975e+05
5.936916050807072781e+06
7.838177992911060574e+05
2.032477778167118551e+06
5.823357155496285297e+06
1.567406005672010069e+05
7.079932143169783521e+05
8.310606307954444550e+06
2.497222479617726640e+05
6.828386024341885000e+06
3.448267971908675507e+06
1.792859837605980574e+05
1.733976833924689516e+07
2.135079172061744321e+05
1.389649047214057297e+06
2.349208828734429181e+07
6.984526550306120887e+06
2.743260452507547103e+06
9.958852772100556642e+06
3.280352785800881102e+05
4.905358565732434508e+05
1.525764230663642986e+06
3.133533369535617996e+06
8.831985775393394579e+04
2.078966043001234764e+06
5.654574261829329655e+06
2.913641937537997495e+06
2.706656773948065238e+05
5.087384457326723495e+05
1.218840311433029274e+05
2.217108393518538214e+05
1.977026862041583809e+05
6.566980485112078488e+06
1.279942590191928204e+06
7.518473299441041891e+05
3.786828621676291805e+06
1.608639518772559427e+07
4.224466010294603184e+06
1.883148567165413697e+05
1.066212574192388856e+05
2.820125970472400542e+06
1.224521489926899783e+07
5.080123419810138876e+05
9.628823840306308120e+06
8.355614004721776582e+06
2.280380700498179940e+05
8.712171663632141426e+06
1.525429419290831313e+06
2.468615224897969048e+06
5.666188875150602311e+06
1.314403689467558870e+05
1.226890826691194670e+06
4.303787510807871004e+05
4.773441784569423762e+05
2.755095539384452999e+07
3.376316835697426926e+06
5.199150256019865163e+06
8.096706405901829712e+06
4.007711676506643649e+06
2.900097613438634668e+06
3.114300871858472005e+06
4.308581698465898633e+06
3.545381531182937906e+05
4.219111814937419258e+06
1.552159975650320121e+05
1.499922301502455259e+06
4.089934051115316804e+06
5.045698480995145510e+05
2.094311247611815343e+05
1.161698780554700643e+07
9.222029517115429044e+05
1.202692629608255578e+06
2.710320996039643884e+06
3.663693832904904266e+05
9.295203650018725544e+06
3.880241685624354985e+06
1.185190795150746219e+07
3.514896402208528016e+05
2.798019809280985501e+05
2.793555718344798312e+06
4.329055825177266379e+05
2.903431478262387682e+05
2.232921935836354387e+05
1.168605621893811272e+06
2.521875237294649996e+05
1.042237734067895333e+06
1.190699285846164130e+05
5.389755322231433820e+05
1.552318325449736149e+05
6.068015953355276724e+05
4.298173208314303774e+05
8.663890621501323767e+05
3.116324409929090645e+06
1.454020398691591399e+05
1.157289937561133876e+06
8.691122754283634946e+06
7.053451247253438924e+05
1.183786772932345746e+06
9.431880627987636253e+06
3.470370034059491754e+07
6.080947012997085229e+06
8.387544329930362292e+06
4.203320442667982541e+06
3.393463954719670117e+06
3.841793259114632383e+06
6.377866879235790111e+05
8.992023062546127767e+04
8.746878435881702229e+06
1.685554275498878211e+06
2.177041642040129751e+06
4.213977049973946414e+05
8.207210237309199758e+06
1.115301036876373226e+06
6.477606306229298934e+06
5.912999047772671329e+05
5.445314278138858499e+05
2.780656712017401005e+05
9.463247879731096327e+06
1.601936715183337918e+06
9.544048767188200727e+06
3.266924147406789125e+05
2.462389556748440082e+05
7.042235784092792310e+06
2.629935094510828145e+06
9.978829493647664785e+05
3.216498053001953522e+05
2.697287026609648764e+07
5.750349825136730215e+05
3.495800865252520889e+06
6.954729842710497323e+05
8.939450401700230315e+06
2.087055982589432271e+06
1.802783369804025162e+06
2.277935727710480278e+05
4.612103740405030549e+06
1.324009694515499100e+07
6.451912888606892666e+05
1.133767665063324198e+07
2.154616423055896012e+05
1.205470738994586573e+05
1.448016857527577551e+06
7.056019635756579228e+06
4.585192147996656713e+05
4.214099104382513091e+06
1.218190985125304200e+06
2.469861841133993119e+06
1.245796465020249365e+06
2.611333220040251501e+06
6.992998308272655122e+06
1.683106001409148565e+06
1.728016834766439348e+07
3.507529456297221477e+05
2.156269328475202201e+05
2.003614938664493384e+05
3.106327337701327633e+06
1.144638248519397574e+06
6.528649355668166652e+06
1.106091545277598547e+06
1.172648371418579482e+06
4.962483807277187705e+06
9.218937958451765589e+05
3.566832952418097411e+05
7.305885379495357629e+05
1.221531134862313047e+07
8.627955203314986080e+06
4.505514532011625124e+05
2.700200897931813262e+06
3.335064463004033081e+06
7.925587158915647306e+05
3.644004637865751982e+06
2.411007727461652539e+05
7.125905500309600029e+05
6.043666849599409848e+06
5.955355189279803308e+05
2.260082314593967516e+06
8.825758236064403318e+05
2.096632562955692178e+06
1.418172222835023422e+05
8.064084212435415247e+04
5.254860964998578420e+05
2.695915323436416220e+05
1.795104773199413903e+06
6.901015918128184043e+06
1.673340383539667586e+06
1.370815790906282375e+06
4.882372506444493192e+05
7.710845004440781195e+05
1.779353093718101736e+05
4.110274583886917681e+06
2.661332596868613618e+05
1.834839269644233212e+07
4.640188287313712761e+06
2.401270936131160706e+06
5.755837825876010582e+06
9.804034252147769555e+06
1.651254926110697852e+05
2.185637864567444194e+06
2.277002748757815280e+05
1.064537173890887789e+05
1.310902734690087149e+06
1.428176087814178318e+05
2.964511629449113971e+05
1.355177791497958242e+05
1.428271146879638173e+07
1.171502200809510425e+06
2.968561600980988005e+05
1.410569092613259796e+06
1.108601167831870029e+06
1.818003803476820886e+07
8.940738964087411296e+05
3.392947862651598640e+06
3.362952878288257052e+05
7.560371737539663445e+05
5.123572483107560314e+06
1.048355466901637497e+06
6.213185991976008750e+06
2.825436713237370551e+07
1.333323617883522063e+06
2.520096868148960930e+05
1.016336840070246253e+05
2.324843822201476432e+06
5.129935584168268368e+06
3.194985455814556917e+05
3.436291671196012176e+05
5.831823426173536573e+05
3.605271050381614477e+05
2.958383158461087733e+05
6.989951867463930976e+05
5.617672483925632201e+06
7.154607787191600073e+05
1.062087647074325243e+06
2.099917249314898800e+05
1.697041353497887729e+06
6.703934849360276712e+05
1.032348743698240444e+07
3.296538858882295899e+05
3.548537644011623226e+06
2.110610771699493751e+06
5.147379015032533789e+04
1.322330917183519923e+05
3.413039825430579949e+06
2.810303031556842383e+06
2.167391024249530863e+06
2.753495952049869578e+06
6.479330126969539560e+05
4.604977026811267249e+06
3.488211936858669855e+06
2.488057559451746754e+06
1.721082387851567473e+05
7.866218686327934265e+05
2.095185155028531095e+06
1.872919911284413829e+05
9.073147678114179289e+05
8.051469937592044880e+04
1.904809457451298600e+06
4.315749263752936386e+05
2.294724856709728774e+05
1.345625771674920572e+06
7.767896215802918887e+05
1.480053707805878716e+06
6.127000524946444202e+05
2.151175950527887908e+05
1.487605151587007754e+07
3.141030277463510633e+06
5.444583112867143936e+05
5.083349141019315575e+05
1.615916717475997657e+07
1.752650010652064113e+06
1.314950817374789715e+07
9.644456283286242979e+05
3.131912598850572016e+06
9.654898491151661146e+05
6.492663026520752348e+06
6.540352103464937536e+05
5.375855609805162996e+06
3.421612985696603078e+06
1.258753438646902796e+06
5.132242926138102077e+06
8.323165403818759660e+04
8.724764047076413408e+06
5.850555310599069111e+06
1.168462562788819429e+06
7.407587846862592269e+05
5.826016838773713680e+05
2.140266564518588129e+06
8.395631627844765782e+06
1.487936937789803138e+06
8.228073772035103757e+05
3.562010431505693123e+06
2.085810608547585784e+06
1.089450701103386469e+07
6.580459124789299676e+05
4.818998623136446695e+05
9.426128628273311770e+05
1.112422500781054841e+06
1.006675365933675552e+06
1.338466711118079349e+07
5.286191449238054454e+06
3.831844473446255084e+06
4.538943238999048248e+06
5.551208921231344575e+05
2.130331254292739555e+06
1.734055400121233892e+06
2.098902331497719279e+05
5.109099487168160267e+06
1.028421039220463019e+06
2.880577097931811004e+05
6.638949492716940120e+06
3.432564190331969294e+05
6.341319038406317122e+05
1.079803993692645244e+07
7.210089290579585359e+06
2.761251203710409813e+06
4.820475187151990831e+06
2.805153067929272656e+05
1.709270672677480616e+06
1.598945652041395893e+06
7.305930719933371292e+05
2.368544598093333188e+05
1.229042488983259303e+06
3.422048818526935065e+05
2.415880527949600480e+06
6.206413975459260400e+05
5.950339397157068597e+05
2.851626453691139468e+05
4.622865730744237080e+06
7.454431196297556162e+05
1.219273314681493677e+06
1.723649332162476203e+05
9.272229188465189654e+05
4.748914475616021664e+05
3.331769783878936898e+06
2.453580197401982441e+05
9.044667526984788477e+06
1.052476623030457413e+06
2.510353968610520824e+05
1.302533441939679720e+07
1.301079412991067022e+07
1.502494723447269294e+06
2.124377700599998061e+05
2.079167489200061187e+07
6.675704319001015276e+06
5.274635626295914873e+06
6.046891056850266177e+05
9.027910922512887046e+05
2.541703884343184473e+05
4.713715394527208060e+06
4.748082801873480785e+05
3.606788846084945370e+06
3.154929313945425209e+06
5.809032930079445941e+05
1.370704195061995275e+07
1.061077123942313337e+05
5.959013762034332613e+05
4.668959070983869955e+06
1.015400326587920572e+05
3.561654641104661860e+05
1.138377882864961028e+07
4.645559627752819215e+05
8.457752397424424998e+05
6.452127722404788947e+05
7.750716156008811959e+04
3.346133460546431597e+05
1.926018515672080452e+06
1.862386386525336653e+06
6.731154031920683337e+05
2.498219313047565985e+06
2.510213764216963027e+05
3.347730981397504802e+05
1.214499679769876599e+07
1.529684664495825535e+06
8.011766517269512638e+06
2.231145704342674289e+05
7.295605931263634004e+06
1.213092466797692329e+07
1.345247845066898502e+07
7.021721155086451909e+05
1.821591655376770068e+05
5.330699670460048364e+05
4.105280980458920822e+05
5.865834447568461299e+06
2.342506006793268316e+05
3.244685456036126707e+05
7.277292631402203813e+06
2.430018884882745333e+06
1.666148358193777502e+06
3.795389456519129686e+06
1.734976497202190512e+05
3.194768521696954500e+06
7.118490316316011595e+05
9.564688009347970365e+05
9.521338936630671378e+04
8.953654117796295322e+05
9.975740527462013066e+06
3.018534375956405886e+06
1.680943015798593638e+06
1.179424703464492410e+07
1.253404542306166695e+05
1.896561020088439574e+06
3.471475945853270241e+05
5.070874060476442799e+06
1.767645045895751391e+05
5.225366539327370701e+05
1.624165346792244585e+06
1.435887484766883403e+07
3.508312746916738339e+06
2.065200567261193355e+05
7.859862476715528406e+06
8.083510001488117268e+05
1.478101050592245534e+06
1.174330606902842969e+07
3.422924572594344500e+05
8.124975487766004167e+06
4.349419094700715505e+06
1.101247605946647964e+05
1.393714588355303858e+05
5.644504836681686720e+04
3.937253600137725472e+06
1.784722980933381477e+05
1.786234718550408725e+06
2.187755533316337503e+06
2.847827216726632323e+06
5.534336781396749429e+06
1.087742889967913798e+05
1.182978550175028853e+06
7.067094805258400738e+06
4.349369879529564641e+05
1.307852882111631188e+05
7.634095510646492476e+05
2.345227092247894965e+06
7.983327059105757624e+06
1.478266742522700690e+07
2.282021718767742626e+06
1.218900925261527766e+06
9.859126123258046573e+05
7.884000352225915994e+05
6.974209184593982063e+05
9.298134278639084660e+05
5.583848705439801561e+05
8.756044465796065051e+05
9.880534414511033101e+05
1.304367337251667865e+06
2.462757778579414589e+05
1.060396628420360852e+06
1.935016019125308667e+05
2.494660609798343480e+07
3.766908972968970775e+05
4.563370265440561343e+05
2.241694305634363263e+05
1.061918099329352845e+06
1.011254428995373892e+05
5.893590348333173431e+06
5.450208697636932135e+06
3.533161696269546635e+06
1.154818476726657827e+05
2.021648307300041197e+06
2.176347735257451888e+06
1.244088514518861048e+05
3.928650874239596073e+06
1.375466729647770338e+07
3.242368266499677673e+06
2.425879718020406086e+06
4.251941585180071997e+05
2.742353135580607341e+05
4.790045843275195919e+06
2.576465509153465682e+05
7.387737698394226027e+04
2.876895833278823178e+06
1.485365053205044009e+07
3.305312138719483046e+05
1.761879014869490638e+06
1.607201366047748737e+07
8.955714978541410528e+04
4.129164192919800524e+06
2.410111779336408072e+05
9.519571299285732675e+04
2.951444059591022786e+06
1.362014193393196724e+07
2.750251847566959448e+06
4.052998852878347971e+06
3.600077299497892614e+06
8.011841434315174818e+06
3.629812455666805152e+06
7.630561205860221526e+05
5.647830640571440570e+06
7.536437995631492697e+06
3.392286035120978020e+06
6.259263403277673060e+05
7.689066379809643840e+05
1.151815605353603838e+06
3.048509523304007016e+05
5.740852980999659747e+06
2.105790313255845569e+06
4.204827118465767708e+05
1.859363456048366381e+06
7.718768871669649379e+05
1.200231497372218408e+06
2.826026281894121785e+05
1.174650022570151137e+06
5.358331769098727033e+06
6.624978996790033998e+05
8.043489560812236741e+05
5.216758893973833881e+06
2.529161572289800970e+05
3.728375572931555798e+05
6.922326819433073979e+04
4.334816456550165080e+06
4.731339730065743788e+05
4.349298587389212917e+05
4.097992154425137560e+05
1.054113245010881126e+07
3.236094824784706812e+06
6.630227105542582460e+06
4.607101794037189102e+05
9.174701014196677133e+06
3.411204941666655941e+05
3.840073304315962829e+06
5.766409405891571660e+05
3.097964140283723245e+05
6.288379287134617567e+06
6.569203398735771189e+05
2.820910304003611673e+06
8.929361745669247466e+04
1.984115819938601227e+06
5.833853457335327985e+05
2.208307825876565767e+05
4.854857991811882821e+05
1.998378835066032130e+06
2.910213551467290963e+05
1.067384015579080442e+06
7.299533901258789003e+06
8.948202261896110140e+05
1.048346379236748617e+05
2.612467617557228077e+05
2.888816055916953366e+06
2.238628485736041912e+05
1.903881598182389978e+06
4.073007334011577070e+06
5.773041884427436162e+05
2.595772506129360758e+06
8.371236962181844283e+05
1.077023477952635149e+06
3.848951772181151318e+05
3.403311950250283349e+06
5.062539966921503656e+06
1.125941876659967378e+07
2.739648175770621747e+05
1.402988905195926549e+06
1.042598895432685502e+06
1.224065421334636922e+05
3.121704576436833013e+06
1.226087245201201364e+07
2.807603359696561471e+06
1.384887835780287907e+07
1.527567538608710514e+06
1.047380258781179599e+07
3.565673544222456869e+06
1.963775798024778720e+06
2.695835435628317297e+06
5.434553433937539812e+05
8.037537136916174786e+05
3.095593703456420917e+05
1.692498095184078207e+06
1.027239104435870191e+06
1.236087756512602558e+06
2.470111607847487088e+06
2.261494759706945159e+06
5.822352276666106191e+05
1.470578239891110861e+05
1.965690633334103040e+06
1.410907030645092600e+05
2.793670083980076597e+05
1.716029282569497358e+06
3.613184750252650119e+06
1.893679593372637173e+06
8.012101789903244935e+05
8.667609893205584958e+05
1.239049805749032646e+06
5.631089517164559802e+05
9.235574080300873611e+05
3.566735700222292915e+06
2.890959646069845185e+05
5.259403443920058198e+05
4.179601921363741159e+06
4.803454003337632865e+06
2.961296822122004814e+05
1.730504047782004112e+06
3.560474171422875370e+05
6.097881164219568018e+05
1.976759147420499939e+05
3.868398527821620228e+05
1.438276592792597949e+05
1.647386447786671109e+06
9.508872067506068561e+04
1.255846779964351654e+07
1.465528686935832724e+06
1.755553518247300235e+05
2.598399894725241698e+06
3.169601719075199217e+06
1.104028371190477861e+06
3.557116754779146286e+05
2.753980581657059956e+05
8.485631909383483231e+06
2.451307763262430381e+05
4.207021334471543320e+06
8.805975951711159432e+05
2.398784367679540068e+06
2.841568801725198980e+06
5.754180963345679455e+06
1.524514895187307149e+06
4.501053498007446527e+07
2.844329091680504382e+06
7.027795097529054619e+05
3.060376725230494980e+06
3.283510260845671291e+05
5.579915995127731003e+06
8.223631420875756303e+05
2.312634119403610006e+06
1.879957284931279719e+05
1.876453563877330162e+06
1.082042678773933090e+07
7.289043928864933550e+05
1.992887558509346563e+06
3.231668561762220226e+06
2.050435601596311433e+06
2.645767486677690409e+06
1.028362619956622075e+05
2.786511037263776525e+05
2.330220470077245496e+06
6.639182290435565636e+06
7.696256674052380258e+05
9.658074475993072847e+05
8.716422835245929891e+05
9.404754851286165649e+05
7.083028852299423888e+05
1.006164646757843555e+06
4.346651833147919737e+06
5.354467034625787055e+05
1.316506370170856535e+05
7.861804549231781857e+05
6.366291148060022388e+05
1.021787227712021954e+07
5.320070810429783538e+06
3.410651763102415134e+05
9.368440631522859912e+05
6.998817078954454511e+06
9.962438483893975616e+06
3.402404968198446557e+06
1.168797266068469966e+06
4.529656957005416043e+06
6.326080598785190377e+05
9.539029108717641793e+04
4.184027630584916566e+06
6.705018832241793280e+04
1.610650768413866637e+06
8.913687244041647064e+05
3.647580459699463099e+06
4.284825434002109617e+07
7.104793367851719959e+05
2.482789833336380776e+06
9.505794413142291829e+06
2.134145657818388194e+06
2.564789739058591891e+06
1.215590934101491421e+07
6.579273788319419837e+05
4.838446180163564160e+06
2.678316212522127898e+05
7.647191698431509547e+06
1.899611645925642923e+06
1.024706355782904138e+05
4.685331692413308658e+06
2.574254332433857955e+06
5.981176948414921062e+05
3.267138096567824250e+05
3.975854431772257667e+06
1.661327649803180061e+07
6.222948744040224701e+05
1.348335663608713541e+06
2.357861969593260437e+06
3.062993544811655581e+07
1.580562588102417067e+05
6.279224523796548601e+05
1.498126273782901000e+06
4.849384463969833218e+06
1.100851514449613634e+06
2.069231186597701861e+06
3.094514325709063094e+06
3.664027547040361911e+07
1.034694992360451957e+06
1.271424638451993233e+06
2.992377411468706559e+06
1.365574735382066865e+05
2.863717730773596559e+06
3.503711628321605385e+05
2.922616918829264864e+07
1.578011337552727386e+07
9.818646704281052807e+05
1.849258451977215300e+05
3.057572696458681603e+05
4.305269860071219504e+06
1.497433397299380449e+05
3.206038682094701217e+05
7.851456382929660380e+06
1.286439190739541780e+06
1.214678106016197475e+06
9.206475911893532611e+05
7.179894472355223261e+06
1.745001256582568167e+06
5.819805397341347998e+04
3.244530569131404045e+05
1.263268416399972339e+05
1.863900325644715689e+06
7.712514438949817792e+06
3.331123832093424280e+05
5.391111238281129627e+05
1.847550132308198838e+06
1.075811300814820640e+07
1.026697324667203799e+07
2.045232176667232439e+07
3.909990340856881230e+05
1.315459749982626364e+07
1.670567563599209534e+06
2.848193461495576194e+05
2.138186970825907774e+06
4.159611162903870572e+05
2.650680610810567159e+06
7.481400870351206977e+05
5.799738607014640002e+05
2.394210631643278524e+06
4.418690240128743462e+06
5.962128161649282090e+06
2.792782750698344316e+05
5.408149904717731290e+06
1.199469090075640474e+06
1.460140226885269163e+06
4.023502609075930086e+05
1.052582722624813206e+06
2.811793786466135643e+06
1.990336472976102028e+06
4.057508668137477362e+05
3.488553910548902117e+06
1.875563993511458486e+07
1.809399071493546478e+06
1.366893077833388932e+06
1.833726948257508501e+07
9.577554730630501872e+05
1.179882417059233785e+07
2.740637545582832769e+06
1.361554150724644214e+07
1.173860717490244471e+07
4.503867005076893838e+05
7.279806037010122091e+05
2.163345914692929946e+06
2.035461113979328424e+06
1.569949360712171765e+05
5.759801193966696970e+06
1.241780420469756471e+06
1.663744400834480766e+06
1.603547903244895395e+06
1.260827856359270634e+06
4.347471186747205793e+05
1.003887343936067919e+05
3.421017671993216034e+06
2.081245611891711131e+07
1.317778934355681576e+07
1.183825680828335229e+06
1.876106563075289363e+06
8.443443052179910592e+04
1.045669300779766170e+06
1.497667922870914044e+05
8.913210423475885764e+06
1.189902271365595981e+06
1.940056825852553593e+06
3.565416135449244827e+07
4.563043342797295772e+05
1.735911955714355921e+06
7.796107115243048174e+05
1.986887218072114047e+05
1.053515164341112133e+06
3.070468772181617678e+05
1.423944233954215597e+05
4.407138589152476750e+06
2.889225768639757880e+05
2.783663728983493522e+06
3.656996423567045131e+05
1.339917344728154363e+06
1.465386966819171561e+06
6.617373547804879025e+06
1.197942552420319058e+07
1.994393911073524214e+05
2.838296245251647197e+05
1.490936146655146498e+06
1.853068538279801235e+07
8.718262656702974811e+06
8.045903777714686468e+06
1.217028138607183704e+06
2.630464227714699693e+06
9.475650794184976257e+04
1.081703430898788385e+06
1.296353055296005448e+06
6.789860331756982021e+06
2.141303353358224500e+06
4.879558781350054778e+06
1.993024234182757500e+05
1.689561342888721265e+05
2.232009782636808697e+06
3.977916030618923716e+06
1.930981703026048141e+06
4.800776528097543051e+05
1.865232605403505731e+06
2.591954281845640216e+05
1.519029000385464169e+05
1.449941313869027887e+06
1.082385056199503364e+06
3.235547013756962027e+06
3.136489921839240706e+05
4.279573546830119449e+05
7.706738803994504269e+05
9.121919835833534598e+05
6.514733399477517232e+06
1.469032433389220678e+05
9.021033080726843327e+05
2.611869689794803853e+05
8.690706793269198388e+05
1.509275265796444379e+07
7.348807523660466541e+04
1.674578144266717718e+05
3.224285131187262479e+06
6.055300024076972622e+05
1.505503876222727448e+07
3.768387393111512065e+05
6.311081268497850979e+05
1.515977410483390791e+06
1.249248235403158935e+06
2.445041851687717810e+07
1.276490795646639017e+05
8.302140670994354412e+06
5.072631694670294528e+05
3.893070356081872713e+06
4.031780863890741952e+06
2.733690221827191417e+05
8.456881015306970105e+06
4.854251844769373536e+06
2.273663289716695435e+05
6.548403803836220177e+05
2.307058446415402740e+07
1.602081918269642396e+06
1.102764521490123495e+07
2.168046465091751888e+05
1.629635538248866505e+05
6.255052656780852703e+05
5.629635279165137559e+06
2.098023956951586995e+06
2.952663058175110491e+05
2.031235639778776094e+05
5.343634429738193750e+06
2.673858751808549277e+06
2.000354607593219262e+05
2.105433725503158290e+06
3.121919691776376683e+06
7.732653648831344617e+04
9.236638957980581326e+05
3.557759354900781065e+06
2.587856937923883088e+06
8.654673869184969226e+05
1.013841070943755447e+06
3.316743424601574079e+05
7.491710743864831515e+06
9.620776996115649119e+06
4.357532533134508994e+05
8.981844647958081914e+05
4.151383543701943941e+06
4.521710664442994748e+05
2.637042998972369358e+06
2.283195334897456691e+07
1.353060732527484652e+05
1.947699347183074802e+07
1.060744804528730921e+07
2.957243100890712347e+06
3.033549826858500601e+05
1.656059307929547271e+06
2.993223568058365025e+06
8.582509056617246824e+04
1.024943796667097718e+06
5.122971767757730559e+05
2.023733312438115245e+06
8.917789790026281262e+05
1.633025298512963392e+07
9.684554778103670105e+06
3.760502534805061296e+05
2.993894123028243775e+05
1.049308738878117315e+07
1.573256714598992141e+06
1.251718687684919313e+07
8.039514997151031857e+05
2.069166527973370976e+05
3.471280440274108946e+07
2.229202752426774823e+05
6.825066017480622046e+06
1.617084467718303495e+05
5.886609284844462527e+05
4.707168225520660169e+06
1.168631114005764714e+06
1.120461862681014091e+07
4.988354261113487883e+05
3.669849895272697322e+06
4.486618595429447480e+06
1.742326752124292543e+06
1.841656971117601788e+05
5.390161604094500653e+06
1.058072044635437801e+07
6.174688124676334672e+06
2.005815259786190698e+06
1.768710358229825506e+06
2.575962515266475733e+06
1.490792157984784339e+06
3.814714664093863103e+05
1.218217423827400489e+05
2.747336765804626630e+05
7.428873300601136871e+06
1.067657072391979769e+07
7.511194528267434798e+05
8.071572987185681704e+05
5.349223912741119042e+06
6.890482303193858825e+06
5.296704186917016050e+05
1.690254134044428542e+07
3.606871851434433833e+06
2.991648402273416054e+06
2.124521770300336066e+05
8.006004747183987638e+05
8.389857764338353882e+05
5.813532476883262862e+05
3.923995307071006857e+06
7.896093504223877098e+05
2.189105779650568729e+05
2.564042983658316080e+06
7.047364199557021493e+05
1.430342545837451331e+07
3.803541418488141149e+06
2.665620672416772693e+06
1.359733295692715328e+06
3.285696135388204711e+05
2.538224552315480832e+05
3.295590547288288362e+06
4.114335325623860117e+06
4.008138383026588243e+06
1.725657269763361290e+07
1.263814301677854918e+07
6.747094173942783847e+06
3.050771447050953866e+05
1.477425986943319149e+05
2.708960347681764397e+05
2.059209862121151236e+05
2.784595647241090890e+06
4.809393300412786193e+05
9.388866061614484061e+05
1.110471457789164997e+05
2.416677314482957590e+05
1.280771977827974595e+06
9.376588514811834320e+06
1.127020816716065258e+07
1.012516275378270424e+06
5.582170556016250513e+06
2.262538857794748037e+05
9.953218484759386629e+05
2.438113910171568766e+07
7.820206650238728151e+06
1.289644104422864621e+05
2.417830483203453198e+07
2.530925697186929360e+07
3.699891733497995301e+05
3.939971616688625887e+06
2.295821154497140378e+05
2.254905271357613383e+05
2.723928417834539432e+05
2.346611154242802411e+06
9.086664770756678656e+06
2.351559818888444919e+06
1.236555411089675501e+06
6.911284049889701419e+05
3.053561874087929260e+06
5.606301259127354715e+05
1.028171250357603421e+05
2.032387482197988313e+06
3.986966787116141059e+05
1.019974266999777034e+07
4.153608158130963799e+06
3.533422491843129508e+06
1.723806055964866828e+05
2.072316892494764552e+07
1.456108902650673175e+06
4.015984032361252699e+06
3.584528387404552661e+06
7.562677252525151707e+05
2.763563979210095946e+06
5.325555309243015945e+05
1.228410218220891990e+07
6.109619499080125242e+06
9.223738557155254530e+05
7.456918113572828006e+05
1.752251131700520171e+06
6.547272710845987312e+05
3.759120694075743202e+06
3.901094041679034941e+06
3.969048243310663966e+05
3.932697575139115215e+05
1.687022417079358827e+06
4.753070030419692630e+05
9.471143029284628574e+05
1.131398231563190930e+07
4.417143437256609905e+05
4.448545898507291451e+06
1.140664956788137351e+05
2.601777881315044127e+06
1.800579331564332591e+06
2.370756993983238935e+06
4.056875106491774786e+06
4.231788298824824160e+05
3.251863966813149396e+06
4.344372454540564795e+05
2.912719192510056309e+05
6.459308506715794792e+05
1.246924279049022298e+05
3.067365681914981687e+05
1.633505594546672655e+05
1.830363987611179939e+06
7.234822036160920747e+06
8.452220754155719653e+06
2.018787428812189028e+07
1.251458819243409380e+05
5.686734152075454593e+06
1.616109932591267861e+07
7.975503965570786968e+05
2.365495808285159990e+06
1.584288291345542762e+06
1.693923216906518675e+06
2.285974862474078254e+05
8.446501585663339123e+06
2.177457620820182783e+05
1.415922550889779581e+06
6.416828132494181627e+05
5.195837756296494976e+06
7.535000312138715526e+05
1.416862653559743660e+06
1.841270735262853559e+06
2.083969524461951479e+07
3.872262178104029736e+05
3.484134870205881074e+06
1.010263702876728214e+07
2.006861015467965917e+05
7.189748368499540957e+05
7.201125832593210042e+06
6.628308672094985377e+05
7.474795184316027444e+05
8.974487304710371245e+04
3.087867486818892416e+06
9.034852991054585204e+06
1.964158264405618189e+06
2.502394718572162557e+06
1.255659783858838305e+07
1.437423107172717573e+05
4.792014983285932802e+06
1.243105960198702058e+06
2.842869135833032778e+05
1.624319186826555524e+06
3.821368540041741915e+06
3.754269841325958259e+06
6.537598634512285935e+05
1.042896694465295412e+06
5.628429842135333456e+05
1.480266745038318448e+07
4.200210203409479931e+06
1.686520559469951084e+06
1.178610579749465687e+06
4.141252592292423826e+06
4.059170018656491768e+06
2.119487381982200313e+05
3.063905365207396098e+05
2.572925755237935111e+06
1.063517549976690207e+06
3.688272328973437194e+06
4.919775184094345313e+05
7.357159686755873263e+05
1.538333019689043798e+07
7.116739943665445782e+06
4.864549904825387639e+05
4.583289038640485145e+06
8.415449191774192732e+05
1.297794609939682111e+07
2.019838177316463785e+06
3.078269002130016452e+05
1.536995204330017790e+06
5.150381194991364027e+05
1.433972322451779060e+07
6.006600187666022219e+06
4.437970127774486318e+06
1.645105994762816234e+06
5.937150176270819502e+05
8.389335462840605760e+04
8.350467915135630174e+05
9.171105656287916005e+06
4.304517033866684651e+05
1.645082298659624357e+05
3.433474715125984978e+06
1.217647412889624480e+06
5.705187300824350677e+05
1.624114269633286074e+07
3.697468020436260267e+05
3.875730035078136134e+05
4.182292234032344073e+06
8.338260895295809314e+04
3.796472376062351279e+06
8.942636016595560359e+05
2.492293663309489202e+05
1.340371557387034642e+06
1.488925775129740068e+05
2.986582250499131158e+06
7.630118869631258713e+04
3.559742668620963581e+06
1.765902487498896942e+07
3.637430448344390839e+06
1.212150406731789187e+07
5.958161346024450846e+06
5.292888769869470969e+06
2.126779746534602309e+05
1.608626882682721689e+07
2.394817169819050003e+06
1.723100021878977306e+06
3.419665263180899434e+06
7.301929951156737516e+05
6.443138470750383567e+04
2.211033785099784436e+05
8.548783321352822706e+06
4.835272210160882678e+05
1.622577265569452196e+06
1.408887731214854168e+06
3.564238485064656939e+06
3.951439297368039843e+06
3.583425224163907114e+05
1.564169659104127204e+06
5.392946534465834266e+05
4.586128596119077876e+06
5.269584999701962806e+05
2.568908895145631395e+05
5.090304376028133556e+05
1.436144177570189536e+07
1.455444741481446836e+05
6.316921085543285590e+05
9.441954843416405492e+04
2.494279591261257418e+06
7.347994855396046769e+05
3.902453135488670785e+06
3.604635465760024963e+05
3.139997055377083598e+05
1.059858386776118912e+07
2.126725502218909934e+07
7.054840915843544062e+05
3.213276234156667255e+06
2.538250549753457773e+06
1.555676822504338110e+06
1.229912991781021701e+05
9.269747638931628317e+05
1.038217603532762587e+05
1.867051687574307434e+06
9.773814796892249724e+05
5.139448030610143906e+05
4.638387119909815374e+05
4.009125428453786764e+06
3.475670507430022699e+05
1.825412022287994390e+06
2.204705818126723170e+06
1.487262539826245513e+06
5.149695310781925218e+05
9.428741315361568704e+05
2.159469640277418867e+07
2.941339921764043393e+05
1.807789097257484868e+07
1.330611142098464444e+07
3.149900166739816777e+05
9.404865648209860083e+05
2.596265769160875119e+06
7.218340257658287883e+05
8.548816457540565170e+05
6.778937941594974138e+06
2.976574866446369328e+06
1.798342260729333758e+07
5.587023300273172790e+05
1.426895080793923931e+06
1.718317014506137057e+05
1.884566250446063699e+06
2.991280943154711276e+06
2.596687336192426155e+05
4.127356904591635102e+05
1.554441982517930679e+06
7.357589722022529459e+05
6.210407907083734608e+04
1.036640391176114092e+06
4.869632301847262308e+06
5.206791584084193222e+06
4.474621213240322471e+07
1.664322477115375735e+07
2.593709165903153189e+05
2.250333954630899709e+06
3.866716984238188714e+06
1.513524383951632306e+06
4.931432515559543855e+06
8.743363882933375135e+04
1.268164581524753245e+06
2.908418681407033000e+06
1.395968018578124931e+06
7.420805487962525338e+06
5.046209476762419567e+06
1.951140125114035036e+05
4.575439076072903350e+06
1.976579812060683500e+06
1.627406901483510737e+05
2.186014222573462175e+05
1.350787688150324684e+05
4.689799525821678690e+05
4.606823956974312896e+05
3.466359615786841023e+05
1.468223248976507410e+07
1.067616587109901942e+06
5.632144796040809713e+06
4.202881374836376868e+06
1.534485340671432205e+05
7.241363848309650784e+05
1.234204449791194638e+06
3.638938027402563603e+05
3.053446764651237056e+06
9.715038558694410603e+05
5.373923667861080030e+05
1.338787334839241579e+06
1.127418655112593202e+06
1.576263778125165030e+06
1.043333179836393800e+06
2.349285424444349948e+06
1.344987736273305956e+06
1.383440648757265415e+06
2.013486022431412712e+05
6.021845654006722383e+06
1.287796464625122171e+05
5.414637998103213031e+05
1.755028537267306075e+07
1.200771059011288220e+06
9.023445692632585997e+05
7.287831964999789372e+06
7.996267195705737686e+05
5.305950258149567060e+06
1.919466327365074074e+06
2.036938330245125666e+07
3.238512850509604323e+05
1.275188218072970049e+05
7.667553716653308365e+05
1.801830625455571339e+06
7.095303386758911074e+04
2.739306271550769918e+06
3.797224715477472637e+06
1.252149581101148203e+07
3.298475198386389529e+05
1.460449985822976567e+06
9.106793924031645292e+04
2.580968798895844724e+06
1.393993768034348963e+06
1.641641753738138650e+05
5.453407890871413983e+06
2.897069434393118601e+06
4.848053928568462143e+05
4.604086451516314410e+05
1.732509747051444836e+06
4.607303177759890677e+05
5.804619515356102027e+06
1.718697571254884242e+05
4.083146261756377295e+06
3.217075746696359711e+05
2.185298720780783333e+06
1.473302823485907167e+06
2.262219510998736601e+06
3.164483604064413812e+05
9.594705407186673954e+06
3.481613023376941215e+06
2.047440722911366029e+05
1.002981558116077911e+06
1.647297545924276346e+05
7.395082051565335132e+05
3.669187991156949429e+05
1.361278089702469064e+06
1.130702687618954806e+05
1.366379110107623739e+06
1.254783651150709717e+06
2.880904059291556478e+05
2.146420878721613903e+06
3.740512046436347533e+06
3.518587462048102170e+06
1.568794748754509492e+06
1.323611790271766670e+07
1.225248659925981797e+07
1.459834052461648360e+06
3.757893509380475734e+05
8.331155894354761404e+04
1.436134331602930557e+06
1.618088729633531766e+06
3.547073940010542050e+06
4.716847167653330253e+05
2.950482573136726860e+05
2.286876592057417147e+06
3.913198563717493089e+05
2.071385356434379064e+05
1.890489297936918214e+07
1.014295280827693292e+06
4.051227419451328926e+06
2.674146041693499777e+06
1.299665479053032584e+06
1.981759460520270048e+06
2.592938457092759199e+06
8.767404098048891872e+06
2.122267176057956531e+05
5.281746270897492068e+05
1.389068140667160915e+05
6.944497927475629840e+05
1.712393834832059219e+06
1.570066670459883462e+05
6.232595297407710925e+06
1.743516669003280252e+07
7.380218544301462360e+06
3.324334895414877217e+06
2.153021372862276621e+06
1.229095777773860609e+05
3.236949124653985724e+06
1.592718671881577931e+06
1.762599615942732664e+06
3.100066055308464915e+06
6.686381083803659305e+06
3.869264350942958146e+06
9.446634205650255317e+05
6.494241279913630337e+06
1.078193175892324559e+07
1.173594978625120362e+06
1.713883866879321402e+06
1.576263732345816446e+06
8.511444652325475588e+06
8.842221283021043986e+06
6.023015140705535887e+05
8.874956600667643361e+05
2.823394480858169263e+05
2.026229211707446724e+07
8.262280271978740348e+05
3.930165886769296601e+06
6.131580538722369820e+06
1.765327837372160982e+06
1.781602288752417779e+06
4.315415190510300454e+05
8.758804529249465559e+05
1.015463034461117699e+06
1.062201446270996146e+07
5.573711105052417843e+05
