1.128717852841791824e-01
-8.786025693923620317e-01
7.544993703394295981e-01
1.593738509299219286e-01
8.569827941436538588e-01
2.765178145561612011e-01
1.616036736974115762e-01
9.298183462782754205e-01
9.919610863885918173e-01
8.816572059569088848e-01
1.029915855922813428e+00
7.787664443968774636e-03
-6.772094280915615938e-01
4.887214401641947203e-01
-1.136473494725860067e-01
6.463822480699168427e-01
4.656894174173536460e-01
7.497799912091178687e-01
-6.528419016389195306e-01
-5.690773717809886056e-01
-2.316783387592025178e-01
-5.682710834100226371e-01
1.281419119115112526e-01
-8.325204969748174477e-01
-9.135833241342199429e-01
-9.108193393938518456e-01
-5.506163770339294050e-01
-5.867420294389843471e-01
-6.133110326864381623e-01
6.808697294488794682e-01
5.097513798250390415e-01
1.059286849160295807e+00
2.015630330422119587e-01
-9.476261440526369262e-02
3.748339123001848683e-01
9.206562367531101465e-01
1.002103904844200283e-01
7.495659541192475350e-01
-4.777620609768857829e-01
6.824872628437994582e-01
-5.201614280871933449e-01
-1.569012063320611716e-01
-2.180318199403463719e-01
-6.130301148398429323e-01
3.688637356457913352e-01
9.357476583852738505e-01
7.394897841500558400e-01
4.497553344918082674e-01
9.203059789570764426e-01
-7.320623763855056421e-01
8.690436292141998642e-01
6.779930309229007523e-01
-9.198633193483485293e-02
-8.598227030310292424e-03
3.110366279470045403e-01
2.677211110196403010e-01
4.473783888282044652e-01
-9.942566653103556140e-01
-5.183727207623712863e-01
1.024491887518124589e+00
1.037869635027381499e+00
-5.483813149374465734e-01
-8.969824662549803485e-01
-2.627921009805118668e-01
8.821609539002638334e-01
5.522054299024466983e-01
8.973083096921541379e-01
-5.584730907385735410e-01
5.350337836172920358e-01
6.607217891339796090e-01
-6.650366892135144425e-01
1.244561016157822997e-01
-8.909614677875690170e-01
9.358778323913932162e-01
7.063108031409709442e-01
5.430135285479245066e-01
2.853690108859685548e-01
-9.478587568490460802e-01
2.328278737470813042e-01
1.147216372604265844e-01
2.116375172029496821e-01
-7.167712665348383583e-01
-9.249301804985877729e-01
5.488539993012421236e-01
-1.932463936694729933e-01
-8.458850707345384468e-01
-2.586093840233503749e-01
7.563953826432853189e-01
9.123295701671122471e-01
-4.993063452189494544e-01
-7.953794783166102667e-01
-3.766062530223516225e-01
8.695184130838464753e-01
3.552748692153852306e-02
1.057574759859838398e+00
2.248451836608056364e-01
-8.763423434981570947e-02
-8.751001842058934166e-01
-9.845812143735079847e-01
6.841048570786930627e-01
-7.645767596788111131e-01
6.308163394192040085e-02
9.130504691890073410e-01
3.061040103096558940e-01
8.013395958833211541e-01
-9.791399262456497166e-01
-5.515919499014966254e-01
-2.704720596426515300e-01
7.546908664752534079e-01
-8.092745005811439185e-01
4.448485282660058493e-02
-8.880827438924678852e-01
4.949296084624313918e-01
6.769527155860322054e-01
-9.128144064468902696e-01
-8.964110229676047759e-01
4.041026092463717578e-01
1.149506285223359514e-01
4.039584051388239727e-03
5.127154094052597255e-01
-4.341715981878799813e-01
1.862092281686759110e-01
2.041879073351160478e-02
-3.285379467959727018e-01
3.055276777713307745e-01
-2.559600306316023310e-01
-4.197806381656734587e-01
5.987961187830086462e-01
-7.943543381172631923e-01
1.053776934988704950e+00
1.783133761898229586e-01
1.554559378537058723e-01
-3.283140269362805896e-01
2.052158582296095823e-01
4.491976060380586250e-02
1.462033375015403258e-01
-9.356877161655307029e-01
-8.247470137365147114e-01
9.102449628625892686e-01
1.026582861134194724e+00
-5.973163230591299611e-01
-9.747447408744052133e-01
7.157163812116766888e-01
8.576152467852176109e-01
-5.514188389496070819e-01
-7.207485272460136816e-01
2.680612294083629110e-01
-7.093745091028391681e-01
-7.591938601529990560e-01
4.082553006714822463e-01
-9.853975605033684637e-01
-7.739555654315255495e-01
4.831726780360280360e-01
5.290849021148242848e-01
9.313304355784021160e-01
-7.190956477007148795e-01
-6.269654025661228758e-01
4.851354575894196719e-01
4.659932890640872127e-01
2.730176336564938966e-01
9.538825963609867675e-02
-2.394386548586832919e-01
9.797815045338541529e-01
6.645270457861612856e-02
6.153249177643683732e-01
-9.317982510099758198e-01
-6.948467575925014739e-01
-3.008789422376236256e-01
9.425318768935537772e-01
-6.724345646840905744e-01
1.627475589282867952e-01
8.861893381960234128e-01
5.126162222082095710e-01
4.574917787586736950e-01
7.819842776826027020e-01
-7.106431986747037133e-01
-1.916562874379971748e-01
7.534745872533377131e-01
-1.344748840049064253e-01
-6.708886636250870339e-01
4.450276657862650698e-02
3.300845806270212845e-01
-6.354322552493656406e-01
7.562689265095648983e-01
2.546356265891802639e-01
-8.420310856713494330e-01
-9.555837796308551679e-01
4.196287920483533496e-01
-6.365406748783097868e-01
2.939017104531823632e-01
7.735346267758923533e-01
-9.718890132743531751e-01
3.302352775876220975e-02
8.225236740294092908e-01
6.862268197774239464e-01
3.015216248422289413e-01
1.364432649846184786e-01
-5.928198080723036112e-01
3.132801851379695135e-01
1.038496552847550491e+00
